Total: 0.000000
Total: 0.000000
Total: 0.000000
Total: 0.000000
