Numranks: 1, split: 4000
rank: 0 | tid: 0 | time: 15.206706
Area of Mandelbrot set = 1.521744
